598

anneis 914, 43 66 4060, 99

84400848 4060

8014440848 892

Argeis 4017

8814414848 557

80010481848 2403

1400818 1567 ,

capiundeis 4004, 9, 39 33

08814848 474, 876, 4060, 94

nauseis 1060, oo

certeis 4060, 60

08184048 988, 9, 99

00100848 (0010048) 4060, 83 449 457

0040414848 4060, 439 ..

conciliaboleis 914 34 bis 000041481444-
1848 4060, 83 ·

conscripteis 1060, 494 433 435 000-
8048401848 4060, 409

00014070484848 949, 4

04888848 927, 9, 9

(1818481059, 9, 43

(1804444848 988, 9, 40

digiteis 914, 59

4100848 892

8848 879, 5 84848 446, 44 49 4848 1004,
4, 5 45 47 48 90 94 9, 46 94 34 848-

dem 1409, 4, 49 49 9, 49 43 1060,
50 59 70 bis 75 76 455

1801848 884

foreis 94 4, 34 1060, 83
1484808 944, 8

411848 4034, 3

4441834848 4060, 54
4444141848 949, 40 920, 89
4041404848 4059, 9, 43
4040801848 1060, 67
444481848 1060, 48
44488848 4059, 9, 44
Laverneis 4787

18381848 920, 454
1830041848 988, 9, 45
1841484848 995, 9

14144848 4060, 455

108848 920, 9317, 79 4004, 4, 90 94

ἓὸἷεζ 97 1060, 97 39 70 79 73 75

14441848 1060, 64 437
408441848 4330 4409
4444848 886

40011848 4332

moinicipieis 920, 34 bis municipieis
⁴060, 82 142 157

44044848 988, 4, 40 44 48 99 96 30

011848 (inis) 4734, 3

0140848 1384

0οἓ84ὲὲἰ828914, 34 98 oppideis 4004,
2

pageis 4436

4410814848 1060, 69

4408184848 995, 9 .

praefectureis 4060, 83 443 457

primeis 988, 4, 40 44 927,’3, 43

proxsumeis 942, 49 47 94 94 t, 69 63

ἶΞ492ἓέ 37 53 73 78 96 1060, 94 44

4400140848 942, 34 949, 58
920, 56 7ο 1060, 80

Ρ441801848 927, 3 9

40814848 944, 36

8800041848 988, 4, 43 99 88044848 4108

880848 927, 9, 8

8403441848 4060, 99 409

8004848 474 .

sublegundeis 988, 9, 45

844848 1004, 4, 8 9 8044848 557 846

1441401848 912, 99 34 944, 45 96 97 58
1814441848 920, 7ο 18141848 920

18414848 988, 4, 30

trientabuleis 920, 34

7844844848 1770

04884848 920, 44 49

vieis 920, 96 1060, 56

vireis 914, 45 90

vobeis 1146, 44

abl. plur. in 08
08481408 474

publiceis

trebibos 23
declinatio nominum yraecanicomm
Antiocinis yon. 1764
Andracini dat. 1758
Β80814414 4997
0808808 4400. 1450
Do‘rini 2408
Hymninis 1584

. Hymnini 1404

Lampyrini 4353
Ρ844480804 1409
81801404 4409
declinatio inusitatior
Asclaronon qen. pl. (Asculanorum) 946

 

 

 

