1111111111 811, ¹ 1 11111111111761
iiiiiictisiiiii8 1 18111111515573
iiiiii ’1111111111
(111111196319111 1 1111111 1763
11111111111333 1 81111111139
111111
11111111 5115 1 Telis 531
11111111 (1111111111) 1118 in 1 9111111.
11111 11111
31111111 1593 Genio 3993
31111111 891 1 Pedo 3331
151111111763 = 8111111989,1983,1981
1111111 111119·
11111111 5311 1 in os tertiae
1111111539 1 11111538
11111889,881,1811111. 1 111187
Same 3917 j 1111 533

8111151 3919 1 in 11 quartae
111111 816 1 1111111111 171

111111 1111 1 11111111111111111 en as 1 11
· 11111111, 1111111. f familias 813

Caecina 3967, 3968 1 3111111111633

11111111 559 1 in 11 111

’1111113011 11111111 3995 Hae-i 11111111 175·

rinna 3991 3 1111111111 783

11111111111975 ⁷ 11111111 1693

1111111796 ’ I 1111111111

Poena 3971 1 8111111177

1111111111 1 Catia 1111

8111113997 1 Coira 178
Sora 1133 · 1111111111 1951

1111111939 1 [11111775
in as 1 11111111118791
8111111111111 1969 1111111111 1175
11111111 etrusca 1978 1111111111 911, 11
31111111 (Pharnaces) 1935 familiai 1837
111111 17111111 11111111 19116 81111111 1839
11111111111111. 1 1111111111 3391
1111111 1699 1 8111111319
31111535 ¹ 6111111873
8111111111 1818 11111111 189
(11111111111553 i Libera 1776
(11111113811579, 1661 “ Libitina 1381
Elogime 811 · 1111111111 11751111
Erotis 3111 11111111 1839

 

