111111 1385·

11111111 881

1111111 816

ΜΜ11111

1111111116 1571

1111111111 1039,1,11

11111 911, 63

legarei 1060, 150

[niuei 019,111060,150

1111111 1701

1111111 886

111111111 9011111111 1791

1111111111 919,1311111161111 1059,
1, 51

1111111111 1018111,

1111611111 1060,1

1111111111 901 1111611 1059, 155

11111111 891

1111151111 1060, 10

restipularei 105116

1111161111 ,1313

111111 919

11111111 910

11111111 885

11 omissum

ququei 557

ei 111 1111111111 1111161111

11111 111111 1111

11111111 11111 1111

11111111111 1115

1111111 1537

11111111 1059, 1,1

111111111111 910, 15 60

1111111111 99111 1111111111 1316

1111111111 1001,11 1111111111111
1059. 111111111111111 1059, 1, 6
11111111111111 1050, 1, 11111110-
11111111111 1059, 115

11111111 1315

1111111111 1059, 11 51

Ceisia 539

111111 879,1 911, 601611 bis 910
3 73 71 76 83 87 95 10011 30

1111111111 911, 11 16 11111

11111111111111 1060,1·1 1011111111111
1060,1101111111111111 1051111 51

(11111111 516

11111 1775 ,

deicere 31111111 13 911 1131
1ΗΜΝ11111111

573

· 3511111101111111111 917,·156 ex-

(1111161879, 13111111111111 879,
311111611111 1059, 11

’ 611111111876

0116111113

(1111111111 1537

1111111110 911 1799 bis

(1111111111 1871

Deiphilus 1311

1111161161 1059, 135

1111111111 1031, 16

111111 856 1111111 1111111111 1078
11111111 8119

(11111111111 1115

111111111111 1039, 155

exdeicendum 11111 deicere

faceiu(ndum) 1636

111111 1061111

1111111985

1111111319

1111111316

11111 1073111111 1801

1111111111 901

1111111111 1111
1161111006

11111901 16181659 1111111111 1383
111111101111133111111119116111,

11111879,1111911,511119,1011
14111171. ¹

1111111 eisdem 1001, 1, 111 1561 111.
eidem 901 bis, eidem 111. 911
11111 11111111.

eidus 1111111610, 11111111.

1111116111111 879,11

01111111 1075

1111111111101111 11111111

1111111111 1306 11111111 1567

1111111111 106013

1111 9111111111 1517

11111 1311

1111111111 1601 1111111 1109

1111111111111111. 1118

1111111 (venum ire) 1051111

. eis (is) 911, 11111 1111 911, 1011

516061116011111 1111111
111111 1710
1111111111 667
1111111101 676
Leiher 518 ,
1111111 551 1111111111 910, 16 11111111

 

