m

80000010100010 070
Cetegus 001

Cio (Chius) 767

600 038-0096
60010000 891
11010100181000010) 600
60010110 606

600010 1601

“ 1100010000 1966

1101010 1800

0101100100 930

101ρί100930

30001000 p. 01, 0063

11ρο0100000 1300

1300100100 0760

1001100000 0067

Μο00300100) 0106

6101000808

0100003100) 933

1010010 (Prometheus) 63 0

010110ρί100 1073, 0007

1110100000ῑο 637

11100010 0670

, 1110000330, 0160, 0633

11ἰοορ0000 0366, 0160, 0633

Nicomacus 0600

0101100100 0300

0110010001378 ¹

0000010 (0001110100) 700. 00000000
701, 0100111100) 0 091 , 000001 0030
010010 703, 0000010 700

0010100 0076

00001100 1189, Pampilo 0800,Ρο0-
Ι1101633

00000000 0693, 00100010 0369

, Pilades 0760

Piladespolus 0039

Pilargurus 0011, 0000

Pilemo 930 bis 0306

Pileros 0008, Pilero 1001

Pinpus 100, 030

Filodamus 0008, 0000 -

16101000 900

Pilumina 0690

1111οο0000 930 bis, Pilomuso 0600

1111001000 600, 81100ίο00 0083

1011000 0068

1010100100 930 bis

Pilotera 0860

0110ιὶ000 1007

1100101000 0079 .

Ρο000 (Phryne) 0000

Pylax 1600

Pyllis 1760

0010001 1300 pulcrum 0300 101000

906 Pulcer 600 perpuloer 0107 ²

Regium 900 ter

110100 603 1000100) bis 639
110110 0076

800100 0368

sepulcrum 0300

80000 (Zethus) 0067

Sisipus 1603

80000000 0690

8010000 1368

stepanus 0038, 0363, 0096
7000011001 (Thapsus) 90010
Talia 1600

70010 366

700000, 700010 610

000100 930

Teophilus 0603

Teopropus 0060

1001000000 1000, 0, 10, 00, 00. Ter· '

mmanzwffl
Telis 11110110) 630
700001000001711001101101 900
Teupilo (Theophilus) 0000
Tiasus 1036
Ticonu (Ticho) 790
0000000 1668
10000ρο 073 ter
Tropime 1600
Trupe 0379
Trupo 1360, 0106
Tura 0069
10000010 0303 10100010 0300

11000100οἰ0 100000001100010000000006000·οα 1

00010010 (1101100100) 0338
(1011011000 1808

0001110010 1867

1111011090 900, 81

8101000 0630

1111000 0806

11000000 806

0111010001ἰο 991
ffi†moe⁴ffi2

700010 1961

1000 0 (vide 011001 acc. pl. in is)

ahiegmels 907, 0, 1

 

