1010 1 8011101 757
50100500 783 501011011υο 1151
g 010 0 (0150 0010 g) 71101110 1793
Gaia 577 Thalea 1871
0001001001 557 1010110010 1998
00000001001 557 71105010 118
01000100 158 1111011010 1175
01010011 33 7100110 1118
00010111 1517 1101111101 7305
11010001 557 11 010110110110005111110 101110 vocabuli
g 0010 0 01100001 1505
gnatus 887, 883, 881, 911, 101777 0100 (10100) 539
00000101 9701087019 55001001 1577
g 01110 0 omissa 000 (110100) 801
500001 7075 010οἰ000050 1059, 000
5010110110 admissa eredes 1358 ι
5011111110 1070 (00 01111.) 0100 1111
· (1011500110 1559 111100 1076
(5100011001 1553 01000100 1587
5051000501 97079 010110 1701
110100οῑ0 977,1,10 00110 (hostia) 1150
1101100011 1717 00111101 817
5001107077 507011 1000000 331 ·
50100000) 7755 , 0011000100
501100 7011 7017 5001100 7001- 501100 570575, 517
7007 50001001 1011
11100011 859 50010 1575 1810
11110000 1875 5001001001507
5110110 808 5001001100 1515
11011101 1399 5111010 7757
50111110 01110100 7050 1101010010 p. 11, 7053
50101110 7377 50010100 7101
5015101553 5011100101 (1101000) 1758
500110 1710 5011001010 1758
0111 (Olus) 1771 5011000 883 50110000 191, 957,
0100101100 1305, 1819 1131 1817, 7778 001.
5011111111 1813 50105101001589
Pamphilo 7318 5010010100 1035
5011110010 1131 5001511001 (50110110) 970, 79
5115010010 1811 0101100100 1950
5115013010 7111 51000 517 510010 510
5111Ιο01050 1518, 1379 5000 (5000110) 8707
Philematium 1379 11000001 879, 0, 1, 5, 19
5111101 1350 51111οο17370 1100101875
”“” Ρ11110100001977 bracium 911, 01
5111101000οἰ 1853 5100000 1737
5111101001υο 1750 501110 (Pyrrhus) 1158
5111011100 1001 1, 00 ealcidicum 979
“ 9115001001377,1151,1075 (1111110 1597
5105100100 1310 511 cartago 97099

 

