44444 399 4444444444
enos 473 4444444 4045
444444 473 Eronos 4843
” magisteres 586 44444444 [”Εσχυρά) 489
444444444444 9344 4444444. 474
9114ξὲ54414ἓῖξο4 Βὲἓὲῗῃέἓζῗυ809441,9ἑίἓῗ44 549
Τ44444444 770 04044 843
444444 9490 derigis 4040
4 9444444444 04444 508
44 4399 0444444444) 490
Feelix 399 0444444 980 edus 4478
444344 dot 949, leogo 4449 44 474
444 4399 Fabreoio 008
444044 4393 0444444 nomio. pl. 558
44444 949, 44 oo 4444444444 484
Ἤ44444444 530 44444444, 594 Ali· ffinssgfum) 08
4444444 535 44444444 4875
44444444 594 441444 599
Ἰ044444 589 · fruge 4449
Serranus 4395 · 4444 805
5444444444 840 , 34444444 4390
44444444 949, 44 , 44444444 4950 ,
44444 ae 4444805
cesina 797 44444444 539
(14444) (Kaeso) Somou ' 444444 800
044444 (44444444) 798, 849 44544 [Libero] 855
044444 679 4444444 (Livii) 4880
444444 797 ‚ Menorvai 554, 444444444 9483
4444444 4400 , 44444444 803 mereto 840 mo mo·
Mevius 4509 reto 4547
Μ444.. 9400 4444444 4383
044444 4903 militaro (4441444444) 570
0444444 4975 4444444444
444444 934 , Μ444404444 4440
9444044 4030 4444444 474
44444444 559 4444444444) 808 navobos 474
4454 ooo. 4599 4444 4059, mo
fletus 503, 539 nuges 840
4 pro 4 (ooo 444444 44444. pl. 444 os) 0444444444 4938
44444444 475 0444444444) 000
4044444 879, 9, 40444444 879, 8, oppedois 94444
444444 8794 44444444 880
44444144 0444444 790 04444444 794 0444-
Apolonoi 848 44444) 4494 044444 9930 449, 04-
444444444444 4547 44444799 -
44444 474 4444444 444
compromosiso 879, 44 0444 795
4444444444 94444 04444444 990

 

