6646444444 557 4 4644664 49693
6666444444646 997, 68 ? 4644464456
4946644646 536 4444644464 594 mi- * 4664 4489
46444466 877 , 644 4395
66646 4799 6 4464444446 949, 66 44646446 949, 35
Apamia 4795 · ei pro ii ·
4464444644 p. 44, 9993 66466646 4969, 63 446 464
Aria 4589 6 66646364 4455
4444644646 4538 464464 4654 44464 4755
benivolentiae 993 46464 939

, Cerialia 3564 Ι 4666464664 4959, 4,6
66446446 4775, 9396 644644 9996
die (dee) 64444, 4775 4 6966464384

dederi (dedere) 569 4 666644 4794 4798 4893
Hinnad 869 4 66664 4379

infime 4664 - 4 6646466 4666

4444646 886 4 4 prou

Mirqurios 536 9444664466 593 44444- 4 6646664646 879

6444469498 ἶ 56446664 897

64 949,66949,3634444988 eet. 4 monimentum 4333
mmfflmwwmmmmfflzwme mmmswm

666466 4579 4 6466

044466 595 Crisida (Chryseis) 594

664464 949, 46 ¹ Chiteris 4539

Ρ64446646 4365 · 4466466466 4764

ellige 4394 pel-lige 4393 4 4946646466 9956, 946646466 4439
{immina 4594 ¹ fliminis 4394

9464446666) 333 y Pilades 4769

64664 94946646646 949, -44 84646446 4543

Semunis 473 · · 4 464466, mim 4644464664 4446 eet 4664466446
Senuisenis 4573 ¹ 6644446644· 4359

64446446 9344 4 Berenice 4338

74644 osee? 74 , 66646664464664 4797
Vilos 64644666 (446444) 4999 , Calidius 939

Ι4464466616949,9 ² 96444646 4363
1443648446 4444 Ἰ fiffi‘lfflm
9464646 (84666646) 4544 6644946456 4493

4444464446 4589 6646646 4573 bis

Lueeia 9497 4 66644446. 4337
ἓ6ι4ι448644ἓ4644464664 755 {eremi} :331

4 6416 44 (vim 6446444 oen. 44446. 444 64 64 i) ’44466666Ι 4674
ἱ76164142ξέ466 949, 46 (14)ιὲἓῖιῶΠέῗὲ
464 886 ¹ 44444446· 4387 944444 6644. 4387
flevi 949, 46 divo 4977
4, 4394 1464464 9498

mmmmm mw3
idem 9497

 

