4444444449 4399
4494444449, 7444444419 9494
vv u

94444444 835

4994944 4564

venatu 835

vocativus 444 9

nite 4450

Laggv 9999

449449 9964
nominativus pluralis in ai
Clipvai 806

44444 379, 34

44449144 879, 34
74444444 9455

m 4

mairona 854

iv 94,

4444494 544
9444444498 949, 44
conscriptes 879
coques 4484

, 0994444498 949, 38 44
4444444498 4509
144498 4440

magisteriis 536 4449484498 4 484, 4897

magistes 4849
14944494 986
,9944444494 949, 38 44
4444444 4849
9494498 569
ques 879
44444494 4444
9444494 544
444444914) 9399
44984498 9964 ,
74444494 949, 44 44
iv eis
4114944 4346
4144444444948 949, 38
(11444948 9131
9444434448 4444
9948 879, 4 546
9484944 944, 84 4046

1

494499 993
4944 997, 3, 4
1444149944 4048

’ 1941494944 4537

14494944 990, 48
4444944944 9437 9399
magislreis 558, 907, 4439
4444494948 919, 4
pageis 4790

P⁰g¹¹i⁰⁵⁵ 990, 45 1
pu 144948 990, 44
94894948 9966

4441944 949, 4
8944444948 4449
49449444 4008
444944948 4544

74844948 9959

44444944 9393

i 79444194944 4537

4441444944 4444

¹ vireis 944, 44

iv 48

Aulis Vihbis 4597
4148 4597

hisce 949

isdem

, libertis 4346

magistris 9906
ministris 930

, optantis 557
4 varentis 4394

9444448 949, 45

, ,
ἶ ⁸⁷¹ 44444 994

g Faiesvv 558

, 4444444444 865

ξ il vire. 908

'iv 94 494 4 444494

· agrei 990, 44 43 4004, 4, 44
· 44494494 473

4444994 4004, 4, 4

4 4948414344θί 4899

948 949, 49 43 944, 4444 44 040, vv ι

1444948 990, 88
19414948 4544
44444944 014, 44
heis 4593
4949444948 4593

Blavia· 9458

9944494 988, 4, 33 34
948444494 4480
04444494 4577

,mwmss

9494494 990, 44 4060, 44
44494 94484
4984344494 4059, 95

 

