583

Cloelius 010, 007 j 0000000000 073
0000000001 008, 03 . cupa (00000 800 00001 800, 801,
000000000000010 inuro 0 803, b
oneraverunt 0800, 0100 0 propone 60
0000000 570 0000οο0 510 0000000 000 0 0000100000 0030
300 071 F ouria 0075 0 0000000001000003 transpositae 0000000100, 00·
00 0000000000 0006, 00 nel. in (00000000 ¹ cabulo interponito
0100, 03 000 0000010οῐ000 0110 0 ς circa 010, 030000, 003
0000000000 91303 Ι 000-0000 0830
0001000100 870, 00 0000001807 00000- 0 de 0050, 0033030 33 30
000100000000000000. 00 iou· in 000, 00 088, 0, 30 30,οι 0, 000
00000 8700 00 0 ae 1000, 000
00000000 800, 05 800. 00 03 06 00 000 1 0030000000 cessit (avarities incessit)
36 38 bis 05 Q {329
0000000100010,00 , 00 0050000
0000000000 010, 0 000, 0 nn 0 ns 7 000 800, 0000 0080
0000307083 Qproc
ioudico 810, 00 00 800, 30 00 80 800, 00001000 603 0000100000 1000
39 00 00000000οτ0 00000 0000001300 1000110, 00000100) 000, 00
00000 000, 00 00 00 en 010, 08 00 03 0000000000 1700
0000000000 870, 03 ¹ Esqurni 080
0000 010, 0 00 0030 ne 000, 00 0000 0 Luqoreos 500
30 30 00 00 03 000 0000, 0, 3 nn, 0000000100 500
18 00 03 80 Μο00000000 538 Ᾰ0000000000 0 000
00000000 0300 00000000 870, 00
0000000000 880 0000001000 000,οῡ
0000000 75 00 00010000 75 e 00000000) 0703 1710
00000000 530 pequdes 000, 00
0000000850 0000000000 0080
Noueeria 550 0000010100 800, 00 888, 0, 5
0000000ῐο003 030 00000000001070 0000010000) 1500 een.
0000000000ου0 1000 0000000000 0300 0000000100 000, 000
Noubris 01880 Proqilia 738
0000000000 87000 0001000 0100
0010000000) 080, 0300 qum 0055
01000 870, 0000 ns quolnndam 557
0100000000 808 quom 00000000000001000010 in 000
0000000 530 -et ou pro uu

00100000 0537 qura 0303
0010100 513 0000000000 0135
000001000000 507 zur 0078

0000100000 830 0000000 0101
00000000 50, 0· Sequda 0000
sonem 080 0000 0800 sonnis 557 00 prod
900, 00 0000000001 879, 0 0000000 870, 00
nouem 1801 arvernum 878, 03
700100 1508 0000000000 010, 00 nn 03
000000 0103 00000000 3311
P 000 b (00000 010000 consonantes 0000- 0000 0
miletae) Percennius 1088

 

