594

4444444 46664 444444444446 474 ω4444444444879, 44
in ei quartae marid 474

3444444444 44 46 44 4444444446 865 44444446 564
in oi 4444444644 4446444446 564 .

4444446444 4844 44444446 474

464ιοί 73 4444444464 553
accusativus 4644444444 44 om 44464 etiam 44446 947

opto u post u) opsidioned? 474

4644444444 536 oquoultod 879, ’43

6444444 448 64444444 563 4444444446 879, 44

41444444 553 44444446 545

44444444 949, 44 44444646 576 44444646 474

hono 865 4444444446 474

locon} 835 4444444466 879, 46

44444444 865 4444444646 474 bis

monimentom 4453 4444444646 559, 8739 44 44

4444414444 474 4 ...406 554

444446Ιί4444 834 .. . 46 554

4444440444 64 4444444444 59 f ...vad 554

44444444 549 in ei

Scandilio 3634 4 4444444444 949, 37

4444444 553 5 fontei 949, 6

4444444444 65 - 4 44444644 754
ino ι 4444444 46534, 48

64444444 883 4444444 4666, 43, 47

47444444ῑὶ444 4459 44464444 883

6444 854, 3438 iu i

faciendo 4545 Faciundo 4668 4444444444 4666, 36 melius 444444 ad-

Genio 4453 verbio 4444444444 censet 44446444
Lemurino 949 p. 348

4444 866 deditioni 936, 43

oino 855 4 fatali 4646
inim (i) ' Genuali959, 34
basim 4499 bassim 4546 hereditati 936, 43 5
44446 566 5heredi 936, 43
Ι

turrim 4543 444444 9-,43 34444 943, 44 44
ablativus 4444444443 4446 Louceri 75, cb

44446 569, marmori 4333

44446474 4 nomini 4849

6444444446 64 5 444444 944, 34

444446 544 4444434444 936, 34

4444444444446 879, 43 4444444445ρηί 4664, 33

6444444446 474 > sanctioni 944, 66

64444446 886 5 silici 4546

46444446 869 sorti 944, 33 64 936, 46

4644ο6 73 5 vectigali 46644, 36

Ladinod 73 in 4 vocabulomm m is

444446 553 74444444 4634

Luad 553 . 44444444 4634

44444446 3344 servile 3438

 

