0000101000 8700 nido 865
101010111101173 , 000010 881, 8060
00111001 1060111110 · ἶ 1011000 883
800000 vicus 810 apice 886
10101010 578 , 0101561
1101111100 1813 , 0110100 8380
viglias 1100 : 00101103
01000010 560 . 000010010087,0,01
0101011101 87010 Ι 10010 333
1100011110 ² Cisauna 880
6010011100 1677 001100101181
1010110101οε 1318 Corsica 865
1061100010 886 2 (101100008011
11001001001001)1011,5 00100001188
110111001177 : 11010 550, 831
11010000 318 i 11000 8518188
kalendae 01110 001011 ¹ (10001077
1101011010 1050, nn 1060110 duo 111.. .087, 1, 011 cei. 1100-
1100000 1667 1111111001 087, 3, 8
1100101001116,1 ’ 10010000113310010100161510-
100000 105010111100000 8331 1 0100110 1068 0001011110 8318
1110000) 507, 508, 558 J 610010001150
10011601 750 0100 · ⁸ 0101108176
10 ’ 0101110081
η1011011110110) 631 · 0001100100 1530
110101) 1100010 888 bis
110101000ῑο (Bellerophontis) 537 ’ Hermiona 1150
10 01001 ’ 01001636
conductum 080, nn ¹ insigne 881-
1100111οω 1060 damiani 1060, 10 110110 080, 00
1001001601 1060, 58 · iongn 1105
101011001001080,01 · 100178
0001110 1060, 011018 quamtum magna 888
1060011 11000 011,οι
senientiam 1060106101 110101 1000 1616
1010100 1060, 881010011011 106013 010010100ῑο 1717
1000111001 1060, 0101101610 10001- 010110011001 1530
1101010 106001 0000 sede 850
01 01110010- 00100880
100100110οἰ (Thapsus) 080 0001010 071
10 omissa pariete 087,1,16
1100011110 1867 00111560
noubris 1188 0000011010 1181
Νο0110 1710 0100110 1873
500100100 1803 000010 178
100100 760 10010 768 11010 760 0011100 1133
1110100111 0011100010 011010000111101110, 0011010 087, 1, 6
1101111. in 0, qen. 01. in 0) progenie 886
ad vorsu 1105 - 00111100 pro 0001100101 080·
1100010110 087, 1, 01 · 1106100 1150

 

