566

114101 1110 1001010000 505
11141010 1451 Μ41(014) 0118 100004 504
11410100 555 ξ 64114010100010174 010
Ρ4101400 17,Ρ410,Ρ4101,Ρ4101(001) 1 0010001 pro 0001001 1674
010 ) eoo 4010 ·
000410 850 ,i 011001001474 :
0141040570 Ι Callus (6411001) 1560, (14114 0011 t
0141100100 0305 ) 04100014014100014) 800
0141101515 · 1 00001001530
004114110 880 ’ ¹ 600104 (Gemina) 640
0041010100 561 (0001010100 810) 1 604000) 168
041010000 557 1 00111 (gessit) 174
8041041785 110014 0008
8141111,81411110101511 ( 10000 505
7414114141υο 1110 Ι 10010000 471
7161114100 1070 · 11040001150
10001000 540
t 1507 0400104100 0401010101 171
1001100140 1860 04010014100 0310
1100010 1567 0140101101 0003
01001010 1573 114001014 500. 1114001010 601
dominiis 1567 1140010100 1555
1410 1574 situ 1041 004100 0046
1111100 130 [1111100 351 (1041νο 1060, 1067
11014 1307 (100114 1063
111110 1077 04400 0317
¹ 10111307 Ρ11114100100 1841, 0058
Μ111000 1676 0001100000 171
11111010 008 80100101) 55
1111043118 0101100001) 103
Naevius 1860 0 010 11
011401330 0(41001140) 1161
010114 1067 6000) [1111100801,808
1010070111. 1711 0010 0
00001111653677 100011419313786
000 400010
1111404 0110 1100100 58
titius 1756 0040110 550
11011000, 01110 Η 000 706, 806
, 40 0100 Pacuius 840
400114 0180 600100 (0010100)107661111100 (0010-
1140000100 1161 1100) 1887
80401100 (8001100, Spurius) 818 cottidie 1060
Tausius? 0007 741004 etrusco (Tarquinius) 1030
0 adiecta ( 0 omissa
000011000 014,10 “ · 110 800, 800, 1101 801,1110(111010)
00100100 1306 (4100011001 Quinctius 801 1
et Quinctilius) ’ 00100401 87011
0 010 g (0100 01111000 0100 scribendi 110- 1110114 534
0110011410) 6001000110.1’11101000. ’

 

