684

0900000040 4 0940009 4889
940006040040904006049949,0 40 44 Ι 9444940909 9444
0000440 missa 4 9409900040 864
440040 (Bostar) 698 0 0944004 9469
49000899 2 Serapi 997, 4,0
00000040 944, ss 044904 846
Μ940 696 776 786 ἱ 099004 846
Marma 479 440009 000. 799
94940 899 Tyrsu 9947
Mino 648 696 Mino 697 44040494 9996
4444040) 777 Verre 000. 9964
[490 803, 4869 - 0004494904949, 40
stralo 4349 Τ prod
rogato 4349 4444000440οι 636 44490040 694 644-
4· omisssis reliquis 04440444 9004000 636
409004404 893 94 040 94 4689
000490000490 9490 00944969, 46 34 400 4469
44904 893 94040449 040 Chryseida 004 000400-
magistes 4849 men 696
9400000940 633 4409409490 998
0900 949, 0 susum 949, 7 8 40 4 omissa 00404
0 0040040 0440 886 944, 49
Losna 699 4 0400000400 addita
4444004000 474 000499 4996
0 040 r 4 finalis 0044040
44490940 4934 0000 (cubat) 899
honos 884 040049 899
Lases 473 vivon 4367
04904040 999, 44 40 000 (sequitur tempus) 9463
Valesius 4449 probavero 667 probatu 4688
004044 44040 99
90404) 9497 44940 944, 04
00400 00400
Solus 9967 0904904040 4994, 0, 30 93
4409444994 999, 00 ,000494009τί 949, 40
0 omissa deducundae 888
exilium 944, 09 bis 4404040040 944 49
0600440 omissa, 0400404 0000000400 0400- 40400040 944, 34 4799 his
000400 00404 94009, Hermia, Scopa ‹leividunda 4969, 0, 00
444440 nomin. 04. 667 009 (heico) 894
Catamitu (6900400400) 4493 0494949494 966
Dite 000. 4469 · 0004009040 4969, 0, 00
4404400044 667 49040040 9436 49049040 4 496, 4864,
Lagge 0000 4400, 4900, 4940, 4094 0000-
4940 943 490 4666 oet faciundum 944, 460
40049 4343 sis 53 4969, 00 faciundis 4498 40004-
44400 (libens) 4684 04944994) 4636
4009 4993 hice (440400) 8936
militare 679 400904οἰ0 944, 40 988, 0, 40 legun·
049 488 dis 944, 49 ’

 

