4444044 04 , , i 4,, 1000404 ⁷⁴
sium 1004, 4,4 1044404440444 1001, 44044444 000, 44
i, {⁹7 4, 44 43 Thermensorum 4004, 1 visis ⁴2:435ng 44, 00 01404404ιο 4703
. 444444
41014004 pluralis 444 44 0000400004 pluralis 40 044
0044444044 008 441ρο44 1000, 4, 40
414404 008 044444 1000
in is 0411044 000, 00
400441308 0144444 474
40 444 civeis 1004, 4, 40
4444440044 1300 140000404οἰ4 088, 44 40 so 44 43
044040444444 4073 fineis 000, 4 43 4004, 4, 43 4, 33 30
00144444 088, 4, 40 1404044οἰ4 0104 ’
certeis 4000, 03 naveis 474
00100444 4083, 0110 001004044 304
00440044 000, 44 4104440044 4007 omneis 010, 43 088, 4, 34
4400441444 000. 34 4000, 14 1044441444 010, 44
4444 870, 4 44 444 1004, 4, 3 34 4 33 0041044 004
4444 907. 3, 14 0044001044 40344
40001444 0103 0440 14144444 4470 .
401444444 4010 turreis 1000, 1040
104004044 000, 3, 0000 14404044 4 747 in 44
14004414 000, 45 aedis 004
00041444 1370, 1403 Aprilis 1003
1004441044 000, 34 04444040444444 474
100444 880 100444 1000, 00 04000444 4007
0040004444 4070 0444 00
maritumeis 1004, 4, 34 14444 014, 03
400444404ρὶ00 000, 34 municipis 1000, 430 403
4401440 1300 11000444 1188
011444 088, 4, 4 Octobris 000
Papieis 1073 040444 474, 014, 44 43 bis
4444400014 1040 pauperis 1300
Pisideis 4004, 4, 40 0140444 473
0041044044 4004. 4, 34 4410414) Quiciiiis 4174
4404444044 030, 3 0003 Sextilis 010, 44
propinqueis 0000 404444 1008
publiceis 000, 34 4000, 33 43 34 ablativus pluralis 40 44
purgandeis 4000, 00 44 03 Cavaturines 070, 33
40440044 088, ¹,3 Meniovines 010, 33
4044444 4000, 34 nuges 870
444304οἰ4 0103 444 044
44400004444444 000, ’43 34 4004004444 000, 44 1004, 4, 40 44 4,
4044444 014, 40 susis 1000, 444 1003 03 03
1373, 1004, 1030, 1034, 1443, 44400144444 007, 4,3
1040, 1004, 4070 4444044 1374, 40410444041440 044, 43
4407 agreis 000, 404000 4433 1004, 4,
4044444044 007 90 ⁹⁴ ⁹» ²3 ²⁷
1440441444 1000, 43 414444 800

 

