dativus singularis 44 a
44444444 8808
Feronia 850 ·
Fortuna 585
4444444 546, 858
Marica 856
Martha? 4663
Μ44444 857
44444444 4804 44444444 558
7444444444 838
ie ai
amentissumei 4585
Agnieei 8440
Clodiai 4686 eis
44444444 4683 8440
8444444444 364
familiai 484
444444 588
444 44444 4686
44444444 4837
44444444 647
44444444 4649
“ Μ4444444 8444
4444444444 554 4444444444 558
’44444444 4539
044444 4648
Ῡί44444444 550

ufai 8468
&wfflfflss

, 74444444 4349

4444344444 4837
4444444444 4997
44 4

44444444 4889
44444444 8450
4444444 834
44444444 8440
44444444 556
444444 849, 4459
4444444 838 Erine 838
Forte 4439
8444444 574
444444 8899
84444444 4630
8444444 4880
State 563
Vesune 568 838
victorie 849

in ei secundae

4444 4969, ee

4444444 944, 46

44 4 tertiae

Diove 545
Hercule 4485 444444448 538
4444 848
444444 853
4444444 4495
Marte 866
matre 858
4444444 570
merente 8800
patre 838, 8897
plebe 989, 44
8444444444 848

’ Salute 8644

444444 980, 44
Victore 4485

in ei

4444444 557

4444444444 848 44444444 948
4444444444 4059, 4, 45

Diomedei 4447

[4444444 4485 4444444 8455
Felicitate 4464

44444444 944, 48

44444444 980, 49 4060 49

Herculei 4499, 4873 Herculei 4463,

⁸ 44444 538, 558

4444444 546, 558, 837

444344 948, 86

44444444 944, eo 45

Μ44444 870

4444444444 4449

444444 980, 98

petrei 4048

plebei 948, 4944, 44 9404 ee 44
44 15 44 ee 44 988, m 44 44

4444444444 988, 4, 94

04444444 837

quoiei 888944, 44 980, e 99 44 44
45 44 bis quoieiquee 80, 3634 4899

redemptorei 4060, 49

4444444 989

8444444444 4468 .

444444 548, 4453, 4844 444.

4444444444 4448

Venerei 8808

44444444 880 ·

4444444444 4386

 

