1111111 839 11113111119933

111111 1339 (11111111 560
3111111111 1557 01111111 569
111111339 11111111393111111 1755, 011111111 9956
1537 1111111 1339 Ebrios 595
1111111319,1511,1637,1717, 1867, filios 510 805
9105, 9119 1111111 519
Y 1111111111 (vide p. 19) · 1111119901
Clyte 1611 1111111111 171 ·
3111111111) 1530 11111111 510
11111111111333 ·' 1111111111 536
Eutychia 1151 111111 593
Geryones 1683 11111111 563
Glycerae 1153 1111111111 5361111111111 1500
111ου111 1108 1111111599
{lyciae 9038 0111111111 537
1111111111301 Ηῖωηίηἰε 1101, 1581 011111 595
Hypsaeus 333 11111111 331 111111813
Lampyrini 1353 · 111111111538
11111111. 383 1111111111 510
Lysias 1766 1111111111 513
111111 1173 Plautios 599
Mysoi 331 1111111111 139
Ph 11111 1869 1111111111 9305
111111 1691 timos 1711111
1111111313 1111111111 9159
8111 111 351 Simos 596
31111 939 Sirpios 811
811111111601 1 81111111595 ’
1111111111 ἱ 3111115511
0111101 1111111 1381 .· apios 767
0111011111 51 7111111111 1313
1111111111 11111111 3033 111111 510
11111111111111553 “ ’111111111111119013
91111111 [1111111309 ῑ tribunos 573
j 11111331
0111111111 ¹ 111 111111, om
. ¹ 1111111111 3031, 301
nominativus 1111111111 (vide 1111111 1 ,10110713
ero u 111 u) 1111111 111
11111 1111307
11111111 1131 11111 1515
1111111111 535 1111117536 539 531
11111111 530 1111111111 561
11111111 9310 11111111 551
Appios 863 Atilio 507 503
1111111111 331 11111 1333
1111 533 1111111 751
11111111 607 1111111 815
1111111695 11111111 619

 

