4444544444 9098

4145444444 594

Casius 696

4145444445 9034

44544044 949,5 44

4454444445 949, 44

(1414 (Galla) 4907

4414 (cella) 790, 794, 798

(145444 (64454444) 849

Cina 449

444545 474

64454445 4437

4144444454 4646

4444044445 4589

4644444444 949,9

4444444444 879, 44

64444444, 644444,Ι 993

4644444454 879, 43

4444444454 879, 43

conpromesise 879, 44

4445464054 879, 43

4445444444444445 4608

(Iota 447

dedise 879, 44

4444444444 944, 54

dimitere 944, 44

0444444445 4637

Epuleia 666

454 834, 836, 8795

4544 879, 40 65 454445 8794445444
879, 44 5 45

4444444444 879, 49

044445 4895

44445444 879, 45

444454 849, 44 45 46 44

0454444445 9498

Flacus 746 04444 4039

44454 866, 990, 44 54 64 44

salonica 4549

644445 4909 Galia 4403

(444445 347

64444445 4537

(44444444 073

64544 678

34545444 884

Gracus 908

0404454 8794 44 990, 66

0404445444 990, 94

Heronio 580

40444444 834

4444444544444 949, 49

44444 444444 949

4644544 876, 897

44544 940, 7 111 1660, 444 4444544444
949, 4 inserunt 949, 4 44454444
944, 44 inserit 944, 69 990, 46
4660, 44 444 ι4444454544944,4 44

44544 944, 63

legise 944, 44

44444544 884

44444445 944, 34

Lolius 4358

444464 544

044414 474

444444444 4647

malent 949,44

044444 834

Μ44444 4780

Μ444445 4608

0444444445 949. 44 45 04444444445
94 9, 6

Μ4444465 889

masa 4404

04444445 (Memmii) 986

0445445 4756 044544 4053

Messala 4049

0444054047, 9984

4444444 904

4444444445 904

044444 4954

04444) 497

444454440444 944, 44

4444545 879, 5

numei 474 045

00444445) 486

4444444444 997

04444445 4634, 4635 offena 4635

4444445 4384

0444444444 594

olas (ollas) 4378, 4444

4444444 (44444444 474

opidum 4547

Opio 708 Opius 707 Opia 707

44444440 87945

oqupatum 990, 45

944445 4994

944445 843

garisuma 880

1311311 ’509

 

